python = 6.4300031661987305 seconds
c = 0.394000 seconds
